Position	Mutability
424	2.526946519908987
116	2.040350764943274
107	1.981662372507139
111	1.9700347079005391
117	1.9615827462208035
106	1.9478214817649555
118	1.9405046500110856
101	1.9217477333797703
110	1.8955126646248552
104	1.8763068310862263
114	1.875343259037795
127	1.8727979568008708
105	1.8725429937764828
113	1.830919663158888
102	1.8305422994202982
108	1.8266095950834884
109	1.8237284142676204
103	1.815015191584625
122	1.7993752360419044
100	1.7720207318464063
121	1.748552522166537
98	1.7455676588335562
310	1.7409236072267629
99	1.7399594187324388
112	1.7361098837893063
311	1.7359656630417974
115	1.7340356296447603
119	1.7262044979567892
126	1.7259972933881838
96	1.7169906277500806
123	1.7107660736771544
309	1.7091916096056254
307	1.7075723879928635
319	1.7054727250824226
317	1.7052254234721649
315	1.6959044957207432
321	1.6936842613282237
95	1.688592099978789
124	1.679835701118618
316	1.6785856481565473
132	1.6720994185909996
324	1.670230252002923
97	1.6657102020449295
304	1.6598165534935818
312	1.6596066542820294
93	1.6565461242804242
303	1.6541709964514337
120	1.6491666851020192
305	1.6461094285217055
94	1.6433871154197845
308	1.641485266938725
90	1.6371430310306263
91	1.6324518855392813
128	1.6164866805631057
313	1.6164811793283018
125	1.6136248315601458
300	1.6090785411961894
320	1.6078796720638282
314	1.6024176335469928
323	1.589123888408314
293	1.5795250406040071
301	1.57703842983617
322	1.576446781145412
306	1.5747012274989576
302	1.5700005685239304
134	1.567423261155606
318	1.5657381565175477
418	1.5649985890766436
299	1.559528283858379
330	1.555772439111707
92	1.5551518546460217
88	1.5390273116251452
327	1.5294409216289244
328	1.5255036775470028
295	1.5130499837960296
297	1.5020590397730742
325	1.4968483626941518
326	1.4960629568421862
298	1.4944621073355102
290	1.4672429583689413
89	1.463281441588392
292	1.4631693088367679
331	1.461462121845557
129	1.4581329255833884
291	1.4460982206317996
285	1.444352462558997
133	1.443975473965927
139	1.425403536411998
294	1.4243412804456088
284	1.4223486439859399
296	1.420275024885578
137	1.3914459158064951
288	1.3896458822537614
87	1.3888706018791181
332	1.372583916422295
85	1.3646273456676803
86	1.362310539358805
136	1.351079743422945
329	1.3476309205987151
337	1.339227534433545
130	1.3378276822489736
135	1.3272745684485863
336	1.3207388101490796
334	1.3151152829449566
289	1.3139252807548087
287	1.313473573088846
281	1.3131414653444917
143	1.3102135199953335
140	1.307244834359443
84	1.3047235249439724
81	1.302134695070506
335	1.2990964391456032
138	1.2917004528653389
283	1.2760648695673664
278	1.2737690323245943
79	1.2736890569336208
333	1.2732339946830418
77	1.2656962478678324
142	1.2579850659685297
131	1.253494643748367
141	1.251962966316101
78	1.2518187226173612
338	1.2417529093984034
286	1.2405674771822195
83	1.238153578079691
282	1.2356606009035587
280	1.2330420093029628
279	1.2029091324752321
342	1.1893185430617226
339	1.1882566448291079
82	1.1844714404215506
343	1.1606998365618337
340	1.1539673973016453
277	1.1536339183609654
341	1.1473359705384172
276	1.1464626988864175
147	1.1330205369429562
344	1.1271325869594444
144	1.1247010543838225
146	1.1186706961658022
80	1.117159223346186
346	1.108828701722151
148	1.0932646314578938
411	1.0737114017882863
76	1.0704739347979753
421	1.0672502978158662
151	1.0621347650019874
75	1.0612477137228167
145	1.0528079054441897
274	1.0324780197995556
271	1.0149274662336816
345	1.0090369579418534
275	0.9929176369017619
347	0.9923276150160781
71	0.9918149313566942
348	0.9895443182009289
72	0.9790783312363784
272	0.9778286172935108
149	0.9728608400890244
150	0.9702476323507542
70	0.9506399409209599
153	0.9476072651829266
273	0.9461395490204892
350	0.9248738613527878
67	0.9194186947962866
152	0.9147590455507127
74	0.9060183698674851
156	0.900098654873526
155	0.8979349380097931
69	0.8947871620142344
349	0.8884085916613949
352	0.8697088409282095
351	0.8501376483060089
267	0.8405364706792181
66	0.8403613712392122
158	0.8378252532088659
154	0.8376778753077107
268	0.8349144873673946
73	0.8240622363504287
269	0.8225294105970288
261	0.8200677819506837
64	0.8126094555116774
354	0.8089732657235972
157	0.804874192090026
265	0.8031010744521979
270	0.7947237248729071
65	0.7843200054118447
159	0.7829672027907709
353	0.7801379639105788
355	0.7789160380364811
68	0.7665361156222472
259	0.7628301887239637
356	0.7494790795338072
358	0.7484864288998242
160	0.7363661968863369
266	0.7363200869398095
263	0.7352190932163376
161	0.7178721527241205
63	0.7172564132228416
61	0.7121648397346404
162	0.7061501743786769
264	0.6984859438033858
166	0.6910776972012385
163	0.687956942151039
397	0.686314147603332
262	0.6825377694753914
357	0.665062825592986
359	0.6588124761482161
62	0.6575547525413991
408	0.6470385955485893
164	0.6372124865778352
362	0.6327116284803489
260	0.6283491128530099
167	0.61323725162363
416	0.6127933646926175
407	0.6118434494359669
165	0.610766299509399
254	0.5986573675433392
256	0.59567724804397
361	0.5930424092889881
258	0.5886387251205955
360	0.586340909261632
402	0.5860540995236777
169	0.57179337920837
376	0.5649472964681485
253	0.5644379716969996
257	0.5565185639112322
168	0.5553784873673727
252	0.5446305843882243
255	0.5384261714301047
170	0.5373424761986033
371	0.5333206783984462
171	0.533166007690069
406	0.5309778500025091
392	0.5288127240446657
364	0.5250451987036582
368	0.5173527008995812
363	0.5167569537460373
174	0.5077370623114529
366	0.5076807297650633
250	0.5026261658959394
251	0.49119191788466166
249	0.48730830073154796
369	0.4847068745157753
175	0.4752498201363045
248	0.4749109099472451
172	0.47213202640752433
244	0.46119906824560647
367	0.45340296771340216
176	0.45016796876723947
173	0.4492607552426904
247	0.44802780191097136
177	0.4434356623025013
365	0.44106951082035484
246	0.4403046170693225
178	0.4378604462862837
245	0.43228538111152065
378	0.42927678264393726
243	0.4260291825890682
242	0.4118710882814274
179	0.41052531619879906
237	0.40877480613350786
372	0.4074246111792223
239	0.4064133794550185
394	0.40504287728190413
377	0.4048871782542321
180	0.4012087409466985
373	0.4001750825185121
370	0.3875624012852171
182	0.3833251284481178
240	0.3803666035509068
181	0.38030893157472406
383	0.3710443739368172
235	0.3668367405198962
380	0.3638644171571179
183	0.3635740724044359
241	0.360531738748159
191	0.3584740583840138
233	0.3577007885419061
375	0.357403206360155
234	0.3554041938209106
230	0.3481587933942235
186	0.3473745977672989
184	0.34673565966518644
388	0.3441357834839162
231	0.338170748257868
381	0.3375437056559186
192	0.3360800129645386
188	0.33262445155963494
185	0.33092718433183493
374	0.3307874973208552
187	0.3294397542224893
236	0.3254297046931768
238	0.32476688013586386
199	0.322059170550948
385	0.32135475895749305
190	0.31835626646351844
386	0.31790090179543384
382	0.3171871258847438
197	0.31500480404601167
219	0.3079671843449917
202	0.30755775408756264
226	0.2999173730825603
227	0.29700569038253477
189	0.2944536197840035
195	0.29352451791417705
403	0.2881627668495453
207	0.2862637600396678
228	0.2857579931866123
196	0.28481116377545435
194	0.2835316648593438
215	0.2832197009190547
216	0.28049412607386276
223	0.2799310148620103
201	0.2794241137832261
387	0.27739891398461436
200	0.27731450163596666
379	0.2766334808858848
198	0.2751739614301716
210	0.2732308352092518
391	0.27198078103548673
208	0.26363719017008286
390	0.2615651402600224
214	0.26069798979419506
211	0.2599617191554084
384	0.259430673677352
393	0.2591513691570706
224	0.25872896513507043
209	0.25749903259776585
221	0.2573406129879357
232	0.25423542287415757
225	0.24983833190439725
220	0.24934032530346859
222	0.24798494198039775
203	0.24740597376407958
212	0.24642855618574308
229	0.24026894465378124
218	0.23517911166981287
396	0.2333505475679712
213	0.23220632408607644
205	0.22991487416423545
193	0.22876729737993226
405	0.22507078913277542
204	0.2229895230293386
404	0.2089063746674951
217	0.20746055306084116
206	0.19588964878895376
401	0.19039379728203135
400	0.1631221250140154
399	0.14414171667569783
389	0.09190266831217822
395	0.08649795090036866
1	0.0
2	0.0
3	0.0
4	0.0
5	0.0
6	0.0
7	0.0
8	0.0
9	0.0
10	0.0
11	0.0
12	0.0
13	0.0
14	0.0
15	0.0
16	0.0
17	0.0
18	0.0
19	0.0
20	0.0
21	0.0
22	0.0
23	0.0
24	0.0
25	0.0
26	0.0
27	0.0
28	0.0
29	0.0
30	0.0
31	0.0
32	0.0
33	0.0
34	0.0
35	0.0
36	0.0
37	0.0
38	0.0
39	0.0
40	0.0
41	0.0
42	0.0
43	0.0
44	0.0
45	0.0
46	0.0
47	0.0
48	0.0
49	0.0
50	0.0
51	0.0
52	0.0
53	0.0
54	0.0
55	0.0
56	0.0
57	0.0
58	0.0
59	0.0
60	0.0
398	0.0
409	0.0
410	0.0
412	0.0
413	0.0
414	0.0
415	0.0
417	0.0
419	0.0
420	0.0
422	0.0
423	0.0
425	0.0
426	0.0
427	0.0
428	0.0
429	0.0
430	0.0
431	0.0
432	0.0
433	0.0
434	0.0
435	0.0
436	0.0
437	0.0
438	0.0
439	0.0
440	0.0
441	0.0
442	0.0
443	0.0
444	0.0
445	0.0
446	0.0
447	0.0
448	0.0
449	0.0
450	0.0
451	0.0
452	0.0
453	0.0
454	0.0
455	0.0
456	0.0
457	0.0
458	0.0
459	0.0
460	0.0
461	0.0
462	0.0
463	0.0
464	0.0
465	0.0
466	0.0
467	0.0
468	0.0
469	0.0
470	0.0
471	0.0
472	0.0
473	0.0
474	0.0
475	0.0
476	0.0
477	0.0
478	0.0
479	0.0
480	0.0
481	0.0
482	0.0
483	0.0
484	0.0
485	0.0
486	0.0
487	0.0
488	0.0
489	0.0
490	0.0
491	0.0
492	0.0
493	0.0
494	0.0
495	0.0
496	0.0
497	0.0
498	0.0
499	0.0
500	0.0
